%YAML:1.0
allImagePoints: !!opencv-matrix
   rows: 47
   cols: 12
   dt: "2f"
   data: [ 1.43152881e+03, 1.77631927e+02, 1.46400049e+03,
       1.72648438e+02, 1.49754858e+03, 1.68845871e+02, 1.53196082e+03,
       1.64795532e+02, 1.43824231e+03, 2.00592270e+02, 1.47085608e+03,
       1.96404449e+02, 1.50528528e+03, 1.91759338e+02, 1.53956628e+03,
       1.88168900e+02, 1.44412512e+03, 2.24345245e+02, 1.47750049e+03,
       2.20165497e+02, 1.51157812e+03, 2.16163986e+02, 1.54671326e+03,
       2.12294510e+02, 1.25314868e+03, 6.45169189e+02, 1.27271545e+03,
       6.45714966e+02, 1.29227917e+03, 6.46234619e+02, 1.31231750e+03,
       6.46640747e+02, 1.25254407e+03, 6.62824890e+02, 1.27195203e+03,
       6.63482788e+02, 1.29232239e+03, 6.63670349e+02, 1.31207336e+03,
       6.64313904e+02, 1.25172485e+03, 6.80371887e+02, 1.27152271e+03,
       6.80894226e+02, 1.29132739e+03, 6.81249084e+02, 1.31141980e+03,
       6.81911743e+02, 1.20791553e+03, 5.42497375e+02, 1.22598645e+03,
       5.42101746e+02, 1.24273596e+03, 5.41392578e+02, 1.25968347e+03,
       5.40739868e+02, 1.20761804e+03, 5.61511719e+02, 1.22478979e+03,
       5.60815796e+02, 1.24294470e+03, 5.60017273e+02, 1.25949341e+03,
       5.59292786e+02, 1.20664429e+03, 5.80474182e+02, 1.22451794e+03,
       5.79647522e+02, 1.24167566e+03, 5.78662842e+02, 1.25873340e+03,
       5.77973145e+02, 1.26309436e+03, 5.41286072e+02, 1.28265283e+03,
       5.42503967e+02, 1.30328345e+03, 5.43544189e+02, 1.32478003e+03,
       5.44687012e+02, 1.26239307e+03, 5.59537476e+02, 1.28194897e+03,
       5.60973450e+02, 1.30276624e+03, 5.62315796e+02, 1.32367737e+03,
       5.63835022e+02, 1.26133728e+03, 5.77573181e+02, 1.28123572e+03,
       5.79314392e+02, 1.30161279e+03, 5.80737183e+02, 1.32268640e+03,
       5.82664856e+02, 1.21330286e+03, 1.69744385e+02, 1.22968445e+03,
       1.66363739e+02, 1.24966821e+03, 1.75176544e+02, 1.26544495e+03,
       1.73026886e+02, 1.21566772e+03, 1.77965775e+02, 1.23174377e+03,
       1.75581711e+02, 1.24967700e+03, 1.75317169e+02, 1.26562061e+03,
       1.73377701e+02, 1.21836865e+03, 1.90175140e+02, 1.23620215e+03,
       1.88416977e+02, 1.25448962e+03, 1.92927200e+02, 1.27057788e+03,
       1.85992889e+02, 1.21873486e+03, 1.72516541e+02, 1.23701331e+03,
       1.77711395e+02, 1.25477722e+03, 1.74418640e+02, 1.27127759e+03,
       1.70897278e+02, 1.22125159e+03, 1.80591873e+02, 1.23716296e+03,
       1.78220871e+02, 1.25484314e+03, 1.74657471e+02, 1.27140393e+03,
       1.71382019e+02, 1.22313367e+03, 1.93802261e+02, 1.24116565e+03,
       1.90359253e+02, 1.25724158e+03, 1.86548462e+02, 1.27538110e+03,
       1.84508972e+02, 1.05301746e+03, 1.54338821e+02, 1.06974365e+03,
       1.53380478e+02, 1.08665320e+03, 1.53973068e+02, 1.10393469e+03,
       1.54077881e+02, 1.05441785e+03, 1.66746628e+02, 1.07159045e+03,
       1.66588470e+02, 1.08867725e+03, 1.66240463e+02, 1.10460388e+03,
       1.61912369e+02, 1.05599377e+03, 1.79981125e+02, 1.07316248e+03,
       1.79507812e+02, 1.09040771e+03, 1.79408066e+02, 1.10814368e+03,
       1.79653336e+02, 1.09616150e+03, 3.48874939e+02, 1.11657227e+03,
       3.48085083e+02, 1.13662659e+03, 3.47904785e+02, 1.15720752e+03,
       3.47530823e+02, 1.09759229e+03, 3.67180969e+02, 1.11812708e+03,
       3.66589905e+02, 1.13884119e+03, 3.65796448e+02, 1.15927014e+03,
       3.65605804e+02, 1.09899353e+03, 3.85690369e+02, 1.11985754e+03,
       3.84964417e+02, 1.14033667e+03, 3.84444580e+02, 1.16100183e+03,
       3.83826080e+02, 1.07994470e+03, 3.46223083e+02, 1.09764233e+03,
       3.46815338e+02, 1.11417529e+03, 3.48153778e+02, 1.13049304e+03,
       3.49306152e+02, 1.08187793e+03, 3.65369812e+02, 1.09911145e+03,
       3.65952637e+02, 1.11688208e+03, 3.66388885e+02, 1.13315222e+03,
       3.67471802e+02, 1.08368713e+03, 3.84407257e+02, 1.10136951e+03,
       3.84713226e+02, 1.11840613e+03, 3.85326599e+02, 1.13512305e+03,
       3.85725586e+02, 8.12836914e+02, 4.63609222e+02, 8.85589844e+02,
       4.61415283e+02, 9.56898376e+02, 4.60534241e+02, 1.02753027e+03,
       4.58990753e+02, 8.15095154e+02, 5.34330688e+02, 8.87705078e+02,
       5.33033936e+02, 9.59412720e+02, 5.30468750e+02, 1.02960022e+03,
       5.28421814e+02, 8.17437988e+02, 6.04698120e+02, 8.90574158e+02,
       6.02653687e+02, 9.60883423e+02, 6.00469666e+02, 1.03074487e+03,
       5.97972717e+02, 1.11383850e+03, 5.94435730e+02, 1.14281348e+03,
       5.93186707e+02, 1.17181738e+03, 5.93355408e+02, 1.20144336e+03,
       5.92650940e+02, 1.11518896e+03, 6.19987366e+02, 1.14434875e+03,
       6.19582764e+02, 1.17464099e+03, 6.18514954e+02, 1.20441724e+03,
       6.18286987e+02, 1.11598950e+03, 6.46145996e+02, 1.14604517e+03,
       6.45661011e+02, 1.17629590e+03, 6.44993286e+02, 1.20671948e+03,
       6.44482788e+02, 7.77732910e+02, 4.78243103e+02, 7.94273315e+02,
       4.77315155e+02, 8.11323242e+02, 4.76740784e+02, 8.29188293e+02,
       4.75971313e+02, 7.78390381e+02, 4.95348816e+02, 7.95212158e+02,
       4.94873413e+02, 8.12177185e+02, 4.94133026e+02, 8.29424377e+02,
       4.93636627e+02, 7.78856323e+02, 5.12565002e+02, 7.95767395e+02,
       5.12038269e+02, 8.12573120e+02, 5.11532196e+02, 8.30220154e+02,
       5.11228485e+02, 8.70362671e+02, 4.72018341e+02, 8.88849426e+02,
       4.71736115e+02, 9.06900085e+02, 4.71945892e+02, 9.25556030e+02,
       4.71872192e+02, 8.70267395e+02, 4.89863098e+02, 8.88849060e+02,
       4.89843903e+02, 9.07338257e+02, 4.89679291e+02, 9.25357483e+02,
       4.89758179e+02, 8.69911133e+02, 5.07952332e+02, 8.88923889e+02,
       5.07903717e+02, 9.06897217e+02, 5.07747894e+02, 9.25467834e+02,
       5.07927795e+02, 8.59347778e+02, 4.27048615e+02, 8.78400879e+02,
       4.26216187e+02, 8.97256165e+02, 4.24675873e+02, 9.15937195e+02,
       4.23399963e+02, 8.61489746e+02, 4.43394043e+02, 8.80179260e+02,
       4.42492126e+02, 8.99040588e+02, 4.41087097e+02, 9.17152588e+02,
       4.40028625e+02, 8.63150879e+02, 4.59615631e+02, 8.81980103e+02,
       4.58376312e+02, 9.00220398e+02, 4.57197388e+02, 9.18539734e+02,
       4.56282867e+02, 5.21869385e+02, 1.37803513e+02, 5.37472900e+02,
       1.36599136e+02, 5.55411560e+02, 1.35664185e+02, 5.71548584e+02,
       1.35744507e+02, 5.20152466e+02, 1.42505493e+02, 5.35839111e+02,
       1.47285950e+02, 5.53643738e+02, 1.41447083e+02, 5.71491699e+02,
       1.35853378e+02, 5.17840820e+02, 1.47993088e+02, 5.35809509e+02,
       1.47337723e+02, 5.51800476e+02, 1.47190308e+02, 5.69865356e+02,
       1.45580215e+02, 5.17949951e+02, 1.32159683e+02, 5.34384949e+02,
       1.33330933e+02, 5.52860718e+02, 1.35666061e+02, 5.69560181e+02,
       1.38239777e+02, 5.17854980e+02, 1.32361221e+02, 5.34409912e+02,
       1.33530807e+02, 5.52881653e+02, 1.35888809e+02, 5.69567627e+02,
       1.38354248e+02, 5.14386292e+02, 1.43508438e+02, 5.32922180e+02,
       1.45382126e+02, 5.49586670e+02, 1.47461792e+02, 5.68065186e+02,
       1.48737854e+02, 5.25796143e+02, 1.21351524e+02, 5.43828186e+02,
       1.23204628e+02, 5.61686096e+02, 1.25389145e+02, 5.79600952e+02,
       1.27573181e+02, 5.22867554e+02, 1.34564529e+02, 5.40757385e+02,
       1.36624481e+02, 5.58860168e+02, 1.38419754e+02, 5.76621887e+02,
       1.40710526e+02, 5.19985840e+02, 1.47849823e+02, 5.37892151e+02,
       1.49888123e+02, 5.55774719e+02, 1.51628372e+02, 5.73571350e+02,
       1.53929337e+02, 7.67152222e+02, 1.41533279e+02, 7.82689880e+02,
       1.33465317e+02, 7.97324341e+02, 1.43315582e+02, 8.11639954e+02,
       1.44049164e+02, 7.67134338e+02, 1.41685608e+02, 7.81689087e+02,
       1.42317719e+02, 7.97326904e+02, 1.43413910e+02, 8.11668884e+02,
       1.44255264e+02, 7.65363525e+02, 1.54568405e+02, 7.81292297e+02,
       1.54343033e+02, 7.95632385e+02, 1.55436401e+02, 8.11361633e+02,
       1.56029099e+02, 7.64272339e+02, 1.34808411e+02, 7.79053650e+02,
       1.43446793e+02, 7.94503418e+02, 1.43204910e+02, 8.09362732e+02,
       1.43389771e+02, 7.64395508e+02, 1.44183228e+02, 7.79849365e+02,
